0034179
2210558
0132750
0036987
2210558
1032750
0032849
2210558
0132750
0037430
0132750
1032750
1032750
0031075
0030040
2210558
0132750
0031814
0132750
1032750
1032750
0030853
0030040
2230336
1232750
0030706
2210558
1032750
0030336
2230336
1232750
0132750
0031814
0132750
1032750
1032750
0030632
0030040
2210558
0132750
0031371
2210558
0132750
00320732
2210558
0132750
0030927
2210558
0132750
0036987
2210558
1032750
0032849
2210558
0132750
0037430
0132750
1032750
1032750
0031075
0030040
2210558
0132750
0030040
2210558
0132750
0030262
2210558
0132750
2210558
1032750
2211149
2210558
1032750
2211149
0032036
2210558
0132750
2211149
0034031
0030040
2210558
0132750
0039426
2210558
0132750
0031592
2210558
0132750
0036691
2210558
0132750
0030040
2210558
0132750
0034548
2210558
0132750
